192
317
718
443
054
526
830
622
441
227
436
430
003
335
459
444
419
612
471
810
393
591
871
886
618
621
363
075
256
120
362
378
505
995
374
009
325
425
802
566
814
780
704
382
054
366
431
674
299
420
435
281
869
416
204
196
613
085
367
665
157
055
574
922
001
938
080
312
755
277
014
862
628
459
504
361
590
186
830
942
708
319
028
047
133
234
845
955
400
545
429
761
790
104
247
306
175
519
014
600
813
353
983
960
912
796
181
969
895
626
169
903
743
984
917
256
232
006
700
418
648
842
959
495
250
216
702
277
942
635
155
144
091
065
102
299
861
112
061
935
085
670
695
127
320
431
873
681
363
540
838
384
610
417
061
298
005
892
626
569
992
593
111
162
729
542
974
219
508
534
445
162
707
546
663
836
759
704
745
928
253
014
462
894
168
306
207
574
057
109
121
979
899
524
990
927
866
776
024
119
598
876
107
726
221
967
645
001
398
736
711
907
263
195
165
997
207
876
933
937
705
004
043
395
402
469
173
884
439
202
913
629
403
426
506
624
999
494
526
005
788
749
794
998
045
330
819
506
875
958
867
540
316
543
534
780
962
169
236
856
555
724
216
802
870
895
539
567
309
293
264
725
813
784
077
749
934
122
856
537
600
463
346
517
832
289
949
894
827
597
310
481
521
037
818
085
442
302
959
539
026
976
971
489
614
240
846
807
696
107
584
855
327
909
566
981
726
526
470
862
075
692
254
899
576
549
184
380
654
853
787
487
304
803
371
436
040
820
893
716
319
608
756
966
635
747
576
863
578
390
968
129
524
015
450
756
728
860
670
741
846
069
824
084
805
274
339
578
472
508
735
463
117
149
790
187
341
672
781
693
461
236
440
678
302
385
876
949
786
292
172
323
492
237
239
562
095
014
012
439
415
397
184
299
012
940
185
598
561
489
803
538
755
652
777
678
446
519
925
916
199
710
438
164
215
163
707
998
404
547
706
086
675
699
549
465
647
154
236
374
587
876
853
028
445
026
187
568
694
564
489
874
873
501
698
909
140
898
791
600
990
062
224
761
458
983
921
967
149
003
082
415
202
420
203
292
844
224
201
286
714
544
434
671
972
276
495
162
947
642
492
877
533
444
824
010
304
275
938
660
826
451
430
260
223
616
519
533
190
696
308
437
218
499
601
997
259
332
999
890
900
332
575
520
249
261
315
238
103
640
929
808
165
093
989
073
745
391
733
087
172
830
974
266
104
151
588
834
733
760
019
049
181
814
950
948
759
678
038
623
539
986
976
242
994
534
397
373
964
211
794
305
246
687
019
454
001
772
945
465
499
593
959
217
465
340
700
469
713
995
334
419
293
300
748
116
918
848
949
165
029
928
724
891
451
872
481
471
937
368
562
257
552
934
421
340
527
836
353
721
554
546
751
255
760
708
893
608
633
612
266
267
068
162
714
457
732
169
793
166
536
228
432
789
498
222
080
989
528
895
166
959
656
115
978
293
479
998
508
860
628
659
735
917
886
656
228
272
265
638
010
317
944
517
373
908
772
110
907
216
951
808
263
433
023
279
857
564
447
145
781
208
439
338
060
437
331
609
600
972
956
214
199
635
772
991
259
661
278
871
834
999
305
310
830
724
041
133
845
619
655
349
468
664
736
815
143
977
375
169
896
774
090
020
767
893
659
456
126
940
063
531
664
746
183
712
030
566
184
114
735
698
117
691
513
334
914
678
584
038
060
839
163
091
835
541
416
292
453
261
405
252
047
977
878
485
204
219
151
757
896
716
955
319
260
349
119
399
281
704
961
875
494
764
032
507
203
025
948
335
199
947
988
000
564
377
572
760
163
265
733
802
847
017
278
955
887
528
368
787
327
365
330
268
683
499
103
531
441
984
010
564
906
515
316
761
737
195
856
491
044
903
020
878
028
738
894
577
624
170
417
971
051
937
967
532
679
405
941
349
485
441
754
999
845
691
497
395
786
762
734
183
786
167
272
378
971
967
534
006
520
525
779
163
075
909
699
945
111
575
684
839
097
595
858
964
047
328
036
884
669
139
912
060
910
976
246
378
873
676
951
181
851
682
775
000
891
539
878
567
554
658
738
946
795
800
064
338
200
890
517
981
384
446
174
726
491
825
680
849
604
903
574
581
000
867
589
184
616
959
106
951
141
566
565
713
282
449
766
085
868
131
981
533
518
923
643
389
061
188
244
899
944
884
176
503
397
569
479
211
712
427
436
801
259
201
291
022
947
139
833
832
638
893
689
438
078
846
461
532
820
719
333
946
252
854
251
051
028
602
029
533
630
488
221
144
543
154
979
912
049
231
796
232
806
598
639
833
852
295
792
854
435
361
494
254
563
896
864
403
904
210
759
407
619
374
927
794
453
441
569
474
563
311
945
971
268
494
357
824
491
980
402
798
053
610
087
884
759
347
053
633
174
201
607
787
091
053
794
858
883
694
051
819
566
438
940
273
015
153
664
914
773
523
774
276
585
048
416
032
068
492
757
596
080
310
418
477
164
028
147
005
065
634
215
317
659
870
838
359
314
282
089
803
081
284
506
630
004
163
475
789
065
155
649
786
119
654
088
012
630
806
026
990
320
314
535
827
520
835
913
541
806
653
458
804
661
612
111
121
666
805
227
805
523
332
239
280
507
932
400
671
320
677
457
636
438
413
830
648
366
195
921
542
608
738
346
502
824
381
597
826
674
619
737
853
798
467
909
397
010
391
726
456
054
318
640
983
688
599
063
470
921
567
952
757
236
511
262
115
525
090
350
562
518
393
891
476
112
246
888
695
999
177
874
754
118
313
834
109
288
294
861
495
860
808
643
254
286
542
964
467
062
841
759
414
516
672
858
186
024
142
897
294
916
584
673
824
666
910
357
072
749
805
604
749
767
674
307
182
230
880
462
634
997
442
732
382
615
887
516
542
104
344
122
411
393
082
369
840
064
876
905
595
085
862
134
867
608
312
282
861
357
068
481
204
743
198
799
676
056
480
060
356
619
003
194
894
860
144
735
938
054
161
492
484
398
108
996
632
354
982
587
759
194
632
635
840
026
800
372
796
114
259
443
300
569
384
939
213
770
716
360
251
157
180
596
518
205
430
478
925
757
826
585
276
010
589
040
533
728
937
851
595
119
044
350
939
077
027
122
027
621
793
894
659
212
150
806
854
343
519
671
432
141
336
497
845
099
097
944
766
941
726
078
688
020
907
393
976
010
489
453
746
250
793
071
636
971
447
887
845
381
803
881
743
991
235
461
549
087
807
553
205
422
178
376
900
885
078
628
298
017
999
452
568
351
001
614
070
923
559
790
413
083
559
163
575
375
474
487
715
283
694
210
325
614
488
502
521
659
341
243
669
862
656
961
551
299
271
977
355
886
830
461
700
914
662
518
278
669
585
335
470
103
543
981
472
235
814
032
904
635
845
736
679
313
626
733
774
802
713
136
373
698
108
926
622
549
045
797
381
437
210
411
804
675
159
466
455
471
690
415
320
843
502
479
547
161
528
376
856
493
328
799
283
038
509
578
198
806
500
809
784
214
612
920
880
799
301
351
591
867
762
335
370
892
393
473
956
203
046
408
240
944
672
422
174
301
792
330
198
763
961
107
880
355
079
945
631
306
998
515
717
062
757
990
750
440
205
785
317
633
429
281
606
147
616
973
180
183
741
341
623
004
496
638
698
325
206
906
060
148
380
622
186
674
120
552
168
932
526
108
375
545
814
940
818
685
200
512
220
993
634
906
069
898
759
905
906
767
628
853
574
451
320
937
427
561
147
439
941
351
372
711
015
204
306
129
583
360
550
256
376
013
415
482
641
502
873
183
990
848
534
416
822
557
202
967
447
468
087
608
913
323
947
548
738
734
708
451
489
362
765
378
982
884
903
647
153
220
159
204
894
362
419
990
098
319
316
877
905
206
544
861
808
521
050
332
779
089
545
073
642
475
698
631
329
072
732
521
176
089
631
404
819
241
562
488
363
184
971
201
739
139
830
966
906
278
800
646
230
566
535
754
224
617
739
526
487
547
394
108
595
477
199
332
931
880
059
489
294
827
531
686
598
226
121
278
455
600
785
417
524
674
945
051
592
480
407
832
986
970
520
680
939
782
837
531
375
151
203
827
307
335
159
622
667
075
442
784
255
823
327
981
915
232
387
527
425
645
037
929
420
080
937
394
956
108
383
436
184
170
084
570
451
837
746
685
500
894
550
802
015
093
668
569
349
568
778
596
511
401
236
601
408
415
368
961
400
121
259
735
734
204
548
796
230
534
374
411
627
570
609
146
844
268
208
360
588
597
851
669
578
970
555
349
854
271
992
049
957
264
598
508
468
922
296
968
814
608
241
590
070
305
974
958
470
059
146
936
168
718
143
888
812
244
284
697
053
130
776
813
871
377
342
130
221
503
565
968
332
219
829
832
261
473
488
483
277
913
101
395
336
545
343
358
409
926
776
728
045
634
831
261
370
866
934
814
006
278
964
101
309
997
006
069
331
138
708
480
644
878
637
013
134
684
842
786
094
677
844
739
808
239
406
841
569
770
194
356
519
088
806
947
337
820
135
284
415
681
918
757
353
613
111
148
804
052
778
466
988
206
180
053
106
036
047
353
828
467
081
809
932
785
391
124
667
824
893
245
685
295
683
140
574
674
997
504
239
947
676
854
066
195
534
379
300
173
903
687
414
331
251
095
488
482
484
530
885
204
695
082
698
299
675
358
971
179
969
958
243
881
333
185
425
445
846
235
703
593
163
117
521
670
772
411
680
280
623
188
685
152
273
538
047
210
747
960
167
460
134
399
150
122
129
040
238
448
520
786
225
596
356
091
070
332
937
405
219
232
026
387
598
138
878
675
055
329
182
454
733
283
027
840
474
127
846
159
376
853
366
681
443
424
867
354
655
878
895
754
599
094
943
376
168
332
741
383
322
484
670
890
572
112
169
167
545
868
171
311
928
676
933
550
491
359
884
534
156
917
502
687
187
810
717
816
184
903
328
578
578
008
741
487
352
797
212
134
365
493
864
349
062
489
744
163
705
016
260
117
449
337
286
416
579
909
367
621
459
067
684
509
835
760
835
609
366
664
398
144
416
628
141
690
721
079
413
500
285
892
071
799
063
784
953
667
787
544
823
943
748
171
835
252
995
941
092
670
124
087
222
749
500
159
844
097
679
187
829
232
275
909
472
589
700
650
924
330
222
351
252
098
733
398
375
740
704
075
295
983
649
033
535
774
327
299
543
733
420
059
233
652
487
419
437
396
243
907
538
807
639
889
052
124
107
379
887
589
884
865
985
974
629
765
652
241
419
104
896
713
815
239
378
689
578
826
462
297
520
353
991
266
917
310
909
572
843
190
123
553
599
262
793
039
457
775
812
768
003
125
419
812
700
889
861
708
318
668
004
769
679
633
583
587
675
852
648
615
281
976
326
331
806
254
797
506
607
905
547
604
369
435
677
478
886
632
821
324
105
874
853
923
561
093
304
737
372
013
882
086
648
967
721
962
310
014
430
442
756
343
431
432
610
853
546
985
161
370
867
653
587
925
503
379
498
498
786
378
876
155
014
946
832
359
059
880
324
951
382
875
214
893
905
205
264
231
672
629
504
604
093
393
256
959
329
833
458
099
006
822
641
496
107
322
116
626
990
669
773
825
094
365
466
783
374
538
492
413
356
870
365
368
472
156
039
092
465
811
648
888
943
897
352
803
436
747
387
888
514
973
874
204
961
360
296
494
290
227
000
927
300
142
068
301
518
470
239
725
003
409
181
989
609
364
682
824
316
039
914
413
349
085
234
765
515
465
855
019
138
644
741
334
997
833
006
689
779
665
988
503
127
741
274
034
443
528
855
818
341
841
352
683
421
373
496
833
044
778
467
841
535
057
066
143
691
259
346
424
713
350
773
831
363
084
422
925
721
300
613
998
464
276
989
078
412
660
010
772
399
990
688
238
478
716
684
535
221
682
835
739
671
608
956
749
682
611
105
489
377
955
273
388
542
682
269
399
241
704
461
750
432
079
029
471
042
804
836
469
670
474
622
901
678
281
205
178
921
211
586
626
638
049
569
720
882
384
719
044
250
967
990
278
856
728
568
524
940
598
613
739
383
206
895
440
599
772
957
970
532
243
693
718
046
862
289
651
720
788
735
437
597
218
058
400
018
357
145
990
693
456
795
169
460
673
962
638
418
313
584
576
269
159
213
993
546
112
849
282
790
102
176
361
978
608
790
757
227
574
427
144
681
321
038
775
871
170
935
099
335
240
360
540
453
010
721
081
461
644
763
147
250
611
460
929
049
097
071
063
502
968
145
453
232
571
114
940
575
999
108
892
893
679
404
092
355
794
081
457
686
506
436
092
865
100
446
630
153
521
656
973
706
567
361
179
911
663
954
063
096
010
154
560
605
044
231
576
884
974
021
203
086
137
295
489
814
833
087
954
579
343
585
419
721
337
687
299
287
644
644
056
138
624
007
708
177
836
051
009
133
176
899
888
104
896
446
814
611
219
089
822
025
524
893
557
462
331
274
654
472
492
722
488
390
437
419
821
041
896
992
944
469
183
369
462
111
012
146
524
599
724
184
468
853
626
599
574
688
618
760
292
266
647
708
359
824
567
963
719
744
672
859
322
895
490
072
722
354
593
898
325
690
446
921
365
806
911
898
986
091
530
731
299
446
072
263
728
221
652
642
212
732
053
481
639
248
954
530
106
143
882
465
222
158
044
244
119
149
040
330
043
858
954
545
911
666
154
237
842
546
752
125
527
679
007
806
030
143
022
691
473
502
502
342
493
249
078
764
238
862
979
845
820
511
760
320
062
164
181
606
593
246
988
047
829
405
099
290
565
877
057
363
443
630
539
082
086
043
392
104
022
260
349
568
102
040
032
857
462
914
862
152
280
721
622
803
936
036
876
438
270
954
096
128
588
470
554
036
133
199
142
951
581
444
341
844
273
478
027
219
384
261
652
641
396
624
511
669
153
658
452
829
286
592
266
654
295
157
473
556
775
508
500
666
280
553
661
468
228
137
031
499
843
173
959
421
562
539
734
143
338
779
541
005
898
147
527
300
609
605
571
000
952
083
559
756
290
452
059
647
422
565
909
557
682
695
692
751
866
511
481
642
304
274
673
477
690
714
659
978
687
838
015
286
627
930
044
854
563
433
521
035
821
926
915
831
305
253
791
690
418
695
165
845
453
393
900
575
997
901
314
854
571
247
909
926
607
663
556
949
421
732
820
557
389
337
087
192
376
316
820
014
238
120
598
257
308
873
694
469
713
700
497
832
455
780
918
388
800
157
525
169
775
331
775
901
358
893
189
726
665
439
852
166
326
549
958
414
156
254
661
110
067
767
797
566
833
052
211
454
589
997
030
800
154
988
963
375
612
929
121
344
424
134
618
416
537
902
600
535
175
982
071
021
430
182
354
603
649
224
207
107
727
440
605
405
891
266
949
518
467
104
185
291
922
901
725
363
501
354
747
584
898
861
908
424
536
032
812
725
807
678
501
322
429
932
225
382
478
218
290
003
318
102
064
119
292
488
042
500
414
382
747
467
794
587
206
324
093
987
243
795
844
571
660
838
496
508
196
189
775
216
774
139
464
269
109
750
832
576
490
082
639
168
652
475
905
013
758
214
165
906
895
194
904
244
580
203
831
395
147
848
227
215
088
014
594
351
006
633
144
268
558
387
138
766
810
656
675
865
415
818
142
295
689
028
987
028
308
268
213
159
079
370
090
928
550
729
302
993
152
099
765
198
104
257
630
959
888
409
691
034
580
909
264
759
727
753
774
523
452
605
326
302
550
537
757
539
513
046
840
460
974
893
251
025
834
475
411
564
907
906
147
778
712
405
205
056
775
214
609
033
137
808
295
449
272
504
804
696
792
193
326
243
474
083
463
614
921
071
748
841
685
419
724
864
858
245
799
302
619
222
229
441
810
177
421
557
441
924
691
771
666
452
110
366
412
219
857
107
459
506
149
740
032
658
770
417
585
475
286
497
513
739
592
131
794
590
343
018
826
988
275
245
048
433
488
841
359
815
794
399
888
280
532
290
524
862
078
750
004
131
296
180
382
489
296
377
402
795
153
371
059
594
696
236
652
969
826
589
037
881
354
543
359
780
713
666
695
394
901
753
662
398
589
129
711
976
687
097
512
204
982
168
661
266
688
060
355
069
950
786
362
397
749
524
142
693
947
039
613
574
862
318
864
412
403
845
290
880
831
914
216
339
758
496
606
381
833
281
357
927
820
524
413
986
049
674
871
151
922
548
466
538
232
751
725
577
305
800
085
251
039
951
598
747
063
969
813
779
889
024
447
918
068
138
527
696
208
718
559
986
418
759
793
942
441
423
937
965
114
528
320
603
255
013
941
416
930
013
108
654
684
795
703
602
546
237
218
688
413
771
536
633
395
499
986
700
688
710
865
649
824
972
971
777
310
623
768
760
273
614
874
640
675
590
513
544
211
081
892
232
512
774
393
956
156
027
884
229
473
811
677
929
296
240
054
627
318
075
161
084
775
455
681
088
224
405
973
084
763
722
173
662
076
646
392
389
533
356
744
160
900
410
406
537
934
616
762
070
720
535
020
868
784
653
291
798
785
058
319
762
688
514
666
702
277
946
862
402
313
867
934
063
395
647
068
212
881
338
353
727
728
951
614
055
190
154
254
242
232
192
328
781
438
387
641
859
440
442
312
991
727
509
532
983
436
465
910
304
127
931
689
651
678
008
350
987
778
065
251
461
713
494
451
292
343
430
156
023
374
952
258
833
252
216
173
925
084
652
808
258
115
979
419
254
306
934
891
483
011
217
988
090
492
234
632
421
074
050
842
529
064
120
296
432
041
305
905
440
594
627
845
449
642
441
271
549
217
069
379
003
257
233
435
555
065
750
021
812
349
619
884
836
644
169
793
929
875
429
497
675
056
780
690
388
052
562
658
913
909
997
828
664
596
580
253
293
701
145
878
750
813
974
918
349
391
871
397
432
009
828
567
573
543
439
101
174
967
648
823
461
530
019
925
686
841
861
646
883
693
402
744
041
091
500
403
729
262
225
988
457
555
002
102
051
258
624
823
503
047
720
729
944
012
612
126
132
337
618
140
102
792
447
736
323
665
764
119
078
686
675
477
491
455
016
455
445
013
995
789
530
299
972
951
637
606
782
467
390
670
150
748
234
023
997
065
917
547
983
867
133
273
982
960
869
410
111
982
332
037
603
885
762
219
611
037
240
236
071
772
476
611
297
218
002
488
945
369
139
877
564
436
147
856
201
063
997
744
405
247
665
491
711
923
144
665
966
133
188
656
720
347
112
568
014
145
976
787
757
114
616
125
622
712
999
316
603
617
835
657
845
708
970
723
571
412
969
900
196
409
058
760
262
111
630
765
585
900
456
632
437
200
573
359
542
811
307
842
131
026
208
325
783
557
024
339
300
289
510
583
374
584
044
244
435
788
775
284
299
305
463
693
658
709
787
398
449
900
047
073
612
425
063
656
636
016
397
865
042
566
285
916
568
976
450
263
284
543
585
639
320
752
416
153
389
782
882
727
973
162
306
459
691
652
335
137
389
961
396
038
994
358
110
671
695
640
141
076
221
042
875
196
583
905
820
964
584
232
506
802
136
828
004
467
728
623
890
430
736
631
196
240
804
612
392
479
853
733
517
189
888
518
751
470
368
740
586
126
225
794
841
664
314
235
497
214
886
142
419
349
606
271
840
173
668
363
656
865
951
564
673
445
975
355
538
150
528
401
548
648
039
633
807
103
562
100
589
757
154
519
475
424
453
533
719
180
222
143
896
092
758
374
616
342
426
692
597
317
261
486
059
039
428
686
796
897
397
844
526
874
677
237
043
277
081
325
955
804
896
502
738
785
895
890
472
380
823
598
395
982
149
508
138
735
887
283
164
665
307
444
159
921
702
366
232
921
730
662
546
198
887
768
165
552
848
382
217
946
333
842
948
031
656
900
389
634
633
485
188
210
553
564
836
722
944
237
561
389
283
676
759
580
098
323
809
806
228
996
813
390
059
044
782
846
402
951
727
030
815
658
686
157
681
567
213
299
499
522
458
054
486
492
081
255
258
739
452
365
589
919
305
166
697
525
510
122
020
360
204
604
013
177
239
591
942
331
152
987
529
078
802
885
215
004
007
818
083
123
946
830
814
759
447
330
644
795
175
644
544
190
496
712
960
376
602
670
303
066
586
484
975
409
129
370
967
831
209
960
446
978
279
880
625
319
436
594
754
330
935
445
461
243
232
649
375
697
108
391
911
116
002
727
423
212
871
796
573
493
643
447
707
496
634
488
335
247
389
487
674
420
844
187
466
156
515
210
921
605
517
939
893
335
832
623
111
945
849
361
856
151
178
778
915
948
132
223
871
487
929
635
391
335
680
309
151
714
317
045
141
550
921
380
946
965
093
076
057
262
797
808
302
154
618
977
481
094
756
744
423
694
946
787
418
554
318
810
099
685
754
616
902
458
444
005
125
623
891
262
761
900
598
306
580
243
202
103
883
939
036
435
173
572
828
509
723
145
621
535
385
098
321
427
181
661
340
910
279
131
112
722
386
752
365
344
103
037
087
156
128
260
994
304
187
384
952
809
951
177
644
145
416
391
869
080
447
496
167
972
437
606
161
739
374
990
174
760
921
726
656
936
506
543
476
489
313
790
753
525
860
870
263
752
693
768
947
125
478
411
537
079
237
009
551
088
444
818
780
424
958
827
663
043
446
252
497
755
774
134
836
820
234
238
226
171
911
141
890
503
412
748
941
342
328
137
294
738
749
948
574
752
554
334
391
827
212
773
942
071
153
553
734
894
475
304
394
332
830
798
938
796
767
845
960
947
010
331
746
817
256
798
887
180
820
836
786
505
442
514
137
830
141
328
478
297
229
982
989
548
470
414
299
086
064
177
153
828
680
279
949
322
019
523
623
038
819
871
675
694
469
083
031
160
322
209
300
294
108
473
260
570
610
302
061
132
275
716
127
297
247
242
019
612
207
222
528
713
433
573
400
844
261
696
350
507
068
269
031
340
939
382
605
484
332
133
893
442
598
629
224
216
713
298
267
006
175
100
956
893
515
355
817
939
890
856
877
871
208
598
323
197
791
648
929
088
829
443
764
516
531
111
505
584
703
157
392
837
492
170
097
790
649
051
916
303
939
289
917
030
578
852
021
710
147
603
045
149
664
352
367
452
190
180
697
105
187
426
959
775
078
624
656
393
418
025
812
645
951
106
780
899
858
080
931
051
274
913
535
639
459
151
832
168
030
461
253
489
094
901
199
608
020
190
000
648
412
743
367
864
115
383
867
773
731
299
346
408
329
829
434
265
034
644
531
068
629
601
236
458
965
836
454
359
210
558
575
841
695
030
078
974
887
478
596
471
144
494
892
318
068
691
469
378
188
922
329
322
754
542
241
062
148
751
987
668
425
492
541
223
023
424
591
147
170
999
821
662
074
661
588
162
185
613
501
253
838
712
848
342
808
575
507
699
048
066
301
130
328
603
105
377
231
363
161
632
811
337
577
364
374
182
252
868
417
104
239
288
848
211
752
432
257
579
550
793
755
205
921
709
842
429
214
514
239
087
316
954
595
058
302
612
349
058
381
382
785
035
512
525
088
114
912
071
549
461
388
561
056
345
461
458
384
214
309
983
303
486
545
472
949
008
824
358
620
211
911
882
692
471
270
485
189
280
064
540
725
627
593
197
419
094
939
776
007
406
154
004
083
581
489
088
374
534
191
880
966
575
285
060
378
081
659
312
721
196
465
997
610
493
797
112
865
307
703
041
364
443
752
884
399
389
096
232
774
761
248
306
761
832
449
436
547
899
316
890
170
250
729
652
318
689
645
622
257
476
471
232
823
103
562
187
917
117
857
865
773
590
772
728
921
876
658
123
649
382
329
796
909
534
093
391
396
823
978
948
630
935
772
531
245
422
021
808
410
491
894
385
892
511
090
595
427
489
311
629
171
272
416
639
618
272
474
871
511
432
162
865
785
984
669
590
461
035
081
854
601
951
014
822
102
287
818
737
194
177
294
005
626
049
992
071
774
337
789
249
485
676
486
599
758
335
870
525
555
578
537
379
744
669
663
482
647
027
675
354
754
114
576
241
200
451
481
423
319
331
787
593
972
830
373
744
209
770
596
412
397
860
254
383
972
369
234
407
547
901
383
030
178
952
087
874
589
549
055
338
818
977
202
161
893
498
569
083
309
188
208
011
459
313
081
161
322
402
728
585
973
166
964
634
061
614
424
705
239
513
395
719
937
688
767
473
328
301
120
739
846
389
705